# oST version 5.0 parameters


[image]

width
720

height
540

[my_camera]

camera matrix
580.174484 0.000000 371.281044
0.000000 576.932354 286.275473
0.000000 0.000000 1.000000

distortion
-0.326406 0.129956 0.000510 0.000100 0.000000

rectification
1.000000 0.000000 0.000000
0.000000 1.000000 0.000000
0.000000 0.000000 1.000000

projection
501.889282 0.000000 374.197304 0.000000
0.000000 531.931824 288.726226 0.000000
0.000000 0.000000 1.000000 0.000000
